初始矩陣:
7  4  9  2  1  6  7  1  5  2  9  1  4  3  8  6  1
2  6  1  1  6  6  3  2  5  6  4  9  8  5  6  7  1
5  2  4  9  1  2  7  2  3  2  9  9  4  6  5  7  6
4  5  4  9  6  9  8  3  6  1  3  2  1  9  2  3  5
8  5  3  5  5  8  6  3  9  7  6  4  5  1  5  8  8
3  8  4  3  1  3  9  5  1  4  1  4  7  1  7  3  1
8  9  1  9  7  6  3  8  4  7  5  9  7  4  9  4  2
1  5  2  6  3  8  3  7  9  4  3  4  1  7  9  2  1
7  9  9  2  4  4  9  3  4  1  0  7  1  3  6  5  5
3  2  2  4  6  1  2  7  2  9  8  5  4  8  4  3  5

第 1 步消除:
  座標: (5, 9) 到 (6, 9)
  被消除的非零數字: [9, 1]
  分數: 2
消除後的矩陣:
  7  4  9  2  1  6  7  1  5  2  9  1  4  3  8  6  1
  2  6  1  1  6  6  3  2  5  6  4  9  8  5  6  7  1
  5  2  4  9  1  2  7  2  3  2  9  9  4  6  5  7  6
  4  5  4  9  6  9  8  3  6  1  3  2  1  9  2  3  5
  8  5  3  5  5  8  6  3 -   7  6  4  5  1  5  8  8
  3  8  4  3  1  3  9  5 -   4  1  4  7  1  7  3  1
  8  9  1  9  7  6  3  8  4  7  5  9  7  4  9  4  2
  1  5  2  6  3  8  3  7  9  4  3  4  1  7  9  2  1
  7  9  9  2  4  4  9  3  4  1  0  7  1  3  6  5  5
  3  2  2  4  6  1  2  7  2  9  8  5  4  8  4  3  5

第 2 步消除:
  座標: (9, 10) 到 (10, 10)
  被消除的非零數字: [1, 9]
  分數: 2
消除後的矩陣:
  7  4  9  2  1  6  7  1  5  2  9  1  4  3  8  6  1
  2  6  1  1  6  6  3  2  5  6  4  9  8  5  6  7  1
  5  2  4  9  1  2  7  2  3  2  9  9  4  6  5  7  6
  4  5  4  9  6  9  8  3  6  1  3  2  1  9  2  3  5
  8  5  3  5  5  8  6  3     7  6  4  5  1  5  8  8
  3  8  4  3  1  3  9  5     4  1  4  7  1  7  3  1
  8  9  1  9  7  6  3  8  4  7  5  9  7  4  9  4  2
  1  5  2  6  3  8  3  7  9  4  3  4  1  7  9  2  1
  7  9  9  2  4  4  9  3  4 -   0  7  1  3  6  5  5
  3  2  2  4  6  1  2  7  2 -   8  5  4  8  4  3  5

第 3 步消除:
  座標: (9, 8) 到 (10, 8)
  被消除的非零數字: [3, 7]
  分數: 2
消除後的矩陣:
  7  4  9  2  1  6  7  1  5  2  9  1  4  3  8  6  1
  2  6  1  1  6  6  3  2  5  6  4  9  8  5  6  7  1
  5  2  4  9  1  2  7  2  3  2  9  9  4  6  5  7  6
  4  5  4  9  6  9  8  3  6  1  3  2  1  9  2  3  5
  8  5  3  5  5  8  6  3     7  6  4  5  1  5  8  8
  3  8  4  3  1  3  9  5     4  1  4  7  1  7  3  1
  8  9  1  9  7  6  3  8  4  7  5  9  7  4  9  4  2
  1  5  2  6  3  8  3  7  9  4  3  4  1  7  9  2  1
  7  9  9  2  4  4  9 -   4     0  7  1  3  6  5  5
  3  2  2  4  6  1  2 -   2     8  5  4  8  4  3  5

第 4 步消除:
  座標: (1, 3) 到 (2, 3)
  被消除的非零數字: [9, 1]
  分數: 2
消除後的矩陣:
  7  4 -   2  1  6  7  1  5  2  9  1  4  3  8  6  1
  2  6 -   1  6  6  3  2  5  6  4  9  8  5  6  7  1
  5  2  4  9  1  2  7  2  3  2  9  9  4  6  5  7  6
  4  5  4  9  6  9  8  3  6  1  3  2  1  9  2  3  5
  8  5  3  5  5  8  6  3     7  6  4  5  1  5  8  8
  3  8  4  3  1  3  9  5     4  1  4  7  1  7  3  1
  8  9  1  9  7  6  3  8  4  7  5  9  7  4  9  4  2
  1  5  2  6  3  8  3  7  9  4  3  4  1  7  9  2  1
  7  9  9  2  4  4  9     4     0  7  1  3  6  5  5
  3  2  2  4  6  1  2     2     8  5  4  8  4  3  5

第 5 步消除:
  座標: (1, 12) 到 (2, 12)
  被消除的非零數字: [1, 9]
  分數: 2
消除後的矩陣:
  7  4     2  1  6  7  1  5  2  9 -   4  3  8  6  1
  2  6     1  6  6  3  2  5  6  4 -   8  5  6  7  1
  5  2  4  9  1  2  7  2  3  2  9  9  4  6  5  7  6
  4  5  4  9  6  9  8  3  6  1  3  2  1  9  2  3  5
  8  5  3  5  5  8  6  3     7  6  4  5  1  5  8  8
  3  8  4  3  1  3  9  5     4  1  4  7  1  7  3  1
  8  9  1  9  7  6  3  8  4  7  5  9  7  4  9  4  2
  1  5  2  6  3  8  3  7  9  4  3  4  1  7  9  2  1
  7  9  9  2  4  4  9     4     0  7  1  3  6  5  5
  3  2  2  4  6  1  2     2     8  5  4  8  4  3  5

第 6 步消除:
  座標: (3, 13) 到 (3, 14)
  被消除的非零數字: [4, 6]
  分數: 2
消除後的矩陣:
  7  4     2  1  6  7  1  5  2  9     4  3  8  6  1
  2  6     1  6  6  3  2  5  6  4     8  5  6  7  1
  5  2  4  9  1  2  7  2  3  2  9  9 -  -   5  7  6
  4  5  4  9  6  9  8  3  6  1  3  2  1  9  2  3  5
  8  5  3  5  5  8  6  3     7  6  4  5  1  5  8  8
  3  8  4  3  1  3  9  5     4  1  4  7  1  7  3  1
  8  9  1  9  7  6  3  8  4  7  5  9  7  4  9  4  2
  1  5  2  6  3  8  3  7  9  4  3  4  1  7  9  2  1
  7  9  9  2  4  4  9     4     0  7  1  3  6  5  5
  3  2  2  4  6  1  2     2     8  5  4  8  4  3  5

第 7 步消除:
  座標: (4, 14) 到 (5, 14)
  被消除的非零數字: [9, 1]
  分數: 2
消除後的矩陣:
  7  4     2  1  6  7  1  5  2  9     4  3  8  6  1
  2  6     1  6  6  3  2  5  6  4     8  5  6  7  1
  5  2  4  9  1  2  7  2  3  2  9  9        5  7  6
  4  5  4  9  6  9  8  3  6  1  3  2  1 -   2  3  5
  8  5  3  5  5  8  6  3     7  6  4  5 -   5  8  8
  3  8  4  3  1  3  9  5     4  1  4  7  1  7  3  1
  8  9  1  9  7  6  3  8  4  7  5  9  7  4  9  4  2
  1  5  2  6  3  8  3  7  9  4  3  4  1  7  9  2  1
  7  9  9  2  4  4  9     4     0  7  1  3  6  5  5
  3  2  2  4  6  1  2     2     8  5  4  8  4  3  5

第 8 步消除:
  座標: (3, 4) 到 (3, 5)
  被消除的非零數字: [9, 1]
  分數: 2
消除後的矩陣:
  7  4     2  1  6  7  1  5  2  9     4  3  8  6  1
  2  6     1  6  6  3  2  5  6  4     8  5  6  7  1
  5  2  4 -  -   2  7  2  3  2  9  9        5  7  6
  4  5  4  9  6  9  8  3  6  1  3  2  1     2  3  5
  8  5  3  5  5  8  6  3     7  6  4  5     5  8  8
  3  8  4  3  1  3  9  5     4  1  4  7  1  7  3  1
  8  9  1  9  7  6  3  8  4  7  5  9  7  4  9  4  2
  1  5  2  6  3  8  3  7  9  4  3  4  1  7  9  2  1
  7  9  9  2  4  4  9     4     0  7  1  3  6  5  5
  3  2  2  4  6  1  2     2     8  5  4  8  4  3  5

第 9 步消除:
  座標: (7, 2) 到 (7, 3)
  被消除的非零數字: [9, 1]
  分數: 2
消除後的矩陣:
  7  4     2  1  6  7  1  5  2  9     4  3  8  6  1
  2  6     1  6  6  3  2  5  6  4     8  5  6  7  1
  5  2  4        2  7  2  3  2  9  9        5  7  6
  4  5  4  9  6  9  8  3  6  1  3  2  1     2  3  5
  8  5  3  5  5  8  6  3     7  6  4  5     5  8  8
  3  8  4  3  1  3  9  5     4  1  4  7  1  7  3  1
  8 -  -   9  7  6  3  8  4  7  5  9  7  4  9  4  2
  1  5  2  6  3  8  3  7  9  4  3  4  1  7  9  2  1
  7  9  9  2  4  4  9     4     0  7  1  3  6  5  5
  3  2  2  4  6  1  2     2     8  5  4  8  4  3  5

第 10 步消除:
  座標: (7, 5) 到 (8, 5)
  被消除的非零數字: [7, 3]
  分數: 2
消除後的矩陣:
  7  4     2  1  6  7  1  5  2  9     4  3  8  6  1
  2  6     1  6  6  3  2  5  6  4     8  5  6  7  1
  5  2  4        2  7  2  3  2  9  9        5  7  6
  4  5  4  9  6  9  8  3  6  1  3  2  1     2  3  5
  8  5  3  5  5  8  6  3     7  6  4  5     5  8  8
  3  8  4  3  1  3  9  5     4  1  4  7  1  7  3  1
  8        9 -   6  3  8  4  7  5  9  7  4  9  4  2
  1  5  2  6 -   8  3  7  9  4  3  4  1  7  9  2  1
  7  9  9  2  4  4  9     4     0  7  1  3  6  5  5
  3  2  2  4  6  1  2     2     8  5  4  8  4  3  5

第 11 步消除:
  座標: (5, 4) 到 (5, 5)
  被消除的非零數字: [5, 5]
  分數: 2
消除後的矩陣:
  7  4     2  1  6  7  1  5  2  9     4  3  8  6  1
  2  6     1  6  6  3  2  5  6  4     8  5  6  7  1
  5  2  4        2  7  2  3  2  9  9        5  7  6
  4  5  4  9  6  9  8  3  6  1  3  2  1     2  3  5
  8  5  3 -  -   8  6  3     7  6  4  5     5  8  8
  3  8  4  3  1  3  9  5     4  1  4  7  1  7  3  1
  8        9     6  3  8  4  7  5  9  7  4  9  4  2
  1  5  2  6     8  3  7  9  4  3  4  1  7  9  2  1
  7  9  9  2  4  4  9     4     0  7  1  3  6  5  5
  3  2  2  4  6  1  2     2     8  5  4  8  4  3  5

第 12 步消除:
  座標: (9, 1) 到 (10, 1)
  被消除的非零數字: [7, 3]
  分數: 2
消除後的矩陣:
  7  4     2  1  6  7  1  5  2  9     4  3  8  6  1
  2  6     1  6  6  3  2  5  6  4     8  5  6  7  1
  5  2  4        2  7  2  3  2  9  9        5  7  6
  4  5  4  9  6  9  8  3  6  1  3  2  1     2  3  5
  8  5  3        8  6  3     7  6  4  5     5  8  8
  3  8  4  3  1  3  9  5     4  1  4  7  1  7  3  1
  8        9     6  3  8  4  7  5  9  7  4  9  4  2
  1  5  2  6     8  3  7  9  4  3  4  1  7  9  2  1
 -   9  9  2  4  4  9     4     0  7  1  3  6  5  5
 -   2  2  4  6  1  2     2     8  5  4  8  4  3  5

第 13 步消除:
  座標: (1, 7) 到 (2, 7)
  被消除的非零數字: [7, 3]
  分數: 2
消除後的矩陣:
  7  4     2  1  6 -   1  5  2  9     4  3  8  6  1
  2  6     1  6  6 -   2  5  6  4     8  5  6  7  1
  5  2  4        2  7  2  3  2  9  9        5  7  6
  4  5  4  9  6  9  8  3  6  1  3  2  1     2  3  5
  8  5  3        8  6  3     7  6  4  5     5  8  8
  3  8  4  3  1  3  9  5     4  1  4  7  1  7  3  1
  8        9     6  3  8  4  7  5  9  7  4  9  4  2
  1  5  2  6     8  3  7  9  4  3  4  1  7  9  2  1
     9  9  2  4  4  9     4     0  7  1  3  6  5  5
     2  2  4  6  1  2     2     8  5  4  8  4  3  5

第 14 步消除:
  座標: (10, 4) 到 (10, 5)
  被消除的非零數字: [4, 6]
  分數: 2
消除後的矩陣:
  7  4     2  1  6     1  5  2  9     4  3  8  6  1
  2  6     1  6  6     2  5  6  4     8  5  6  7  1
  5  2  4        2  7  2  3  2  9  9        5  7  6
  4  5  4  9  6  9  8  3  6  1  3  2  1     2  3  5
  8  5  3        8  6  3     7  6  4  5     5  8  8
  3  8  4  3  1  3  9  5     4  1  4  7  1  7  3  1
  8        9     6  3  8  4  7  5  9  7  4  9  4  2
  1  5  2  6     8  3  7  9  4  3  4  1  7  9  2  1
     9  9  2  4  4  9     4     0  7  1  3  6  5  5
     2  2 -  -   1  2     2     8  5  4  8  4  3  5

第 15 步消除:
  座標: (8, 7) 到 (8, 8)
  被消除的非零數字: [3, 7]
  分數: 2
消除後的矩陣:
  7  4     2  1  6     1  5  2  9     4  3  8  6  1
  2  6     1  6  6     2  5  6  4     8  5  6  7  1
  5  2  4        2  7  2  3  2  9  9        5  7  6
  4  5  4  9  6  9  8  3  6  1  3  2  1     2  3  5
  8  5  3        8  6  3     7  6  4  5     5  8  8
  3  8  4  3  1  3  9  5     4  1  4  7  1  7  3  1
  8        9     6  3  8  4  7  5  9  7  4  9  4  2
  1  5  2  6     8 -  -   9  4  3  4  1  7  9  2  1
     9  9  2  4  4  9     4     0  7  1  3  6  5  5
     2  2        1  2     2     8  5  4  8  4  3  5

第 16 步消除:
  座標: (3, 16) 到 (4, 16)
  被消除的非零數字: [7, 3]
  分數: 2
消除後的矩陣:
  7  4     2  1  6     1  5  2  9     4  3  8  6  1
  2  6     1  6  6     2  5  6  4     8  5  6  7  1
  5  2  4        2  7  2  3  2  9  9        5 -   6
  4  5  4  9  6  9  8  3  6  1  3  2  1     2 -   5
  8  5  3        8  6  3     7  6  4  5     5  8  8
  3  8  4  3  1  3  9  5     4  1  4  7  1  7  3  1
  8        9     6  3  8  4  7  5  9  7  4  9  4  2
  1  5  2  6     8        9  4  3  4  1  7  9  2  1
     9  9  2  4  4  9     4     0  7  1  3  6  5  5
     2  2        1  2     2     8  5  4  8  4  3  5

第 17 步消除:
  座標: (2, 10) 到 (2, 11)
  被消除的非零數字: [6, 4]
  分數: 2
消除後的矩陣:
  7  4     2  1  6     1  5  2  9     4  3  8  6  1
  2  6     1  6  6     2  5 -  -      8  5  6  7  1
  5  2  4        2  7  2  3  2  9  9        5     6
  4  5  4  9  6  9  8  3  6  1  3  2  1     2     5
  8  5  3        8  6  3     7  6  4  5     5  8  8
  3  8  4  3  1  3  9  5     4  1  4  7  1  7  3  1
  8        9     6  3  8  4  7  5  9  7  4  9  4  2
  1  5  2  6     8        9  4  3  4  1  7  9  2  1
     9  9  2  4  4  9     4     0  7  1  3  6  5  5
     2  2        1  2     2     8  5  4  8  4  3  5

第 18 步消除:
  座標: (1, 2) 到 (2, 2)
  被消除的非零數字: [4, 6]
  分數: 2
消除後的矩陣:
  7 -      2  1  6     1  5  2  9     4  3  8  6  1
  2 -      1  6  6     2  5           8  5  6  7  1
  5  2  4        2  7  2  3  2  9  9        5     6
  4  5  4  9  6  9  8  3  6  1  3  2  1     2     5
  8  5  3        8  6  3     7  6  4  5     5  8  8
  3  8  4  3  1  3  9  5     4  1  4  7  1  7  3  1
  8        9     6  3  8  4  7  5  9  7  4  9  4  2
  1  5  2  6     8        9  4  3  4  1  7  9  2  1
     9  9  2  4  4  9     4     0  7  1  3  6  5  5
     2  2        1  2     2     8  5  4  8  4  3  5

第 19 步消除:
  座標: (6, 15) 到 (6, 16)
  被消除的非零數字: [7, 3]
  分數: 2
消除後的矩陣:
  7        2  1  6     1  5  2  9     4  3  8  6  1
  2        1  6  6     2  5           8  5  6  7  1
  5  2  4        2  7  2  3  2  9  9        5     6
  4  5  4  9  6  9  8  3  6  1  3  2  1     2     5
  8  5  3        8  6  3     7  6  4  5     5  8  8
  3  8  4  3  1  3  9  5     4  1  4  7  1 -  -   1
  8        9     6  3  8  4  7  5  9  7  4  9  4  2
  1  5  2  6     8        9  4  3  4  1  7  9  2  1
     9  9  2  4  4  9     4     0  7  1  3  6  5  5
     2  2        1  2     2     8  5  4  8  4  3  5

第 20 步消除:
  座標: (4, 2) 到 (5, 2)
  被消除的非零數字: [5, 5]
  分數: 2
消除後的矩陣:
  7        2  1  6     1  5  2  9     4  3  8  6  1
  2        1  6  6     2  5           8  5  6  7  1
  5  2  4        2  7  2  3  2  9  9        5     6
  4 -   4  9  6  9  8  3  6  1  3  2  1     2     5
  8 -   3        8  6  3     7  6  4  5     5  8  8
  3  8  4  3  1  3  9  5     4  1  4  7  1        1
  8        9     6  3  8  4  7  5  9  7  4  9  4  2
  1  5  2  6     8        9  4  3  4  1  7  9  2  1
     9  9  2  4  4  9     4     0  7  1  3  6  5  5
     2  2        1  2     2     8  5  4  8  4  3  5

第 21 步消除:
  座標: (5, 11) 到 (5, 12)
  被消除的非零數字: [6, 4]
  分數: 2
消除後的矩陣:
  7        2  1  6     1  5  2  9     4  3  8  6  1
  2        1  6  6     2  5           8  5  6  7  1
  5  2  4        2  7  2  3  2  9  9        5     6
  4     4  9  6  9  8  3  6  1  3  2  1     2     5
  8     3        8  6  3     7 -  -   5     5  8  8
  3  8  4  3  1  3  9  5     4  1  4  7  1        1
  8        9     6  3  8  4  7  5  9  7  4  9  4  2
  1  5  2  6     8        9  4  3  4  1  7  9  2  1
     9  9  2  4  4  9     4     0  7  1  3  6  5  5
     2  2        1  2     2     8  5  4  8  4  3  5

第 22 步消除:
  座標: (9, 16) 到 (9, 17)
  被消除的非零數字: [5, 5]
  分數: 2
消除後的矩陣:
  7        2  1  6     1  5  2  9     4  3  8  6  1
  2        1  6  6     2  5           8  5  6  7  1
  5  2  4        2  7  2  3  2  9  9        5     6
  4     4  9  6  9  8  3  6  1  3  2  1     2     5
  8     3        8  6  3     7        5     5  8  8
  3  8  4  3  1  3  9  5     4  1  4  7  1        1
  8        9     6  3  8  4  7  5  9  7  4  9  4  2
  1  5  2  6     8        9  4  3  4  1  7  9  2  1
     9  9  2  4  4  9     4     0  7  1  3  6 -  - 
     2  2        1  2     2     8  5  4  8  4  3  5

第 23 步消除:
  座標: (9, 15) 到 (10, 15)
  被消除的非零數字: [6, 4]
  分數: 2
消除後的矩陣:
  7        2  1  6     1  5  2  9     4  3  8  6  1
  2        1  6  6     2  5           8  5  6  7  1
  5  2  4        2  7  2  3  2  9  9        5     6
  4     4  9  6  9  8  3  6  1  3  2  1     2     5
  8     3        8  6  3     7        5     5  8  8
  3  8  4  3  1  3  9  5     4  1  4  7  1        1
  8        9     6  3  8  4  7  5  9  7  4  9  4  2
  1  5  2  6     8        9  4  3  4  1  7  9  2  1
     9  9  2  4  4  9     4     0  7  1  3 -       
     2  2        1  2     2     8  5  4  8 -   3  5

第 24 步消除:
  座標: (8, 14) 到 (9, 14)
  被消除的非零數字: [7, 3]
  分數: 2
消除後的矩陣:
  7        2  1  6     1  5  2  9     4  3  8  6  1
  2        1  6  6     2  5           8  5  6  7  1
  5  2  4        2  7  2  3  2  9  9        5     6
  4     4  9  6  9  8  3  6  1  3  2  1     2     5
  8     3        8  6  3     7        5     5  8  8
  3  8  4  3  1  3  9  5     4  1  4  7  1        1
  8        9     6  3  8  4  7  5  9  7  4  9  4  2
  1  5  2  6     8        9  4  3  4  1 -   9  2  1
     9  9  2  4  4  9     4     0  7  1 -          
     2  2        1  2     2     8  5  4  8     3  5

第 25 步消除:
  座標: (1, 9) 到 (2, 9)
  被消除的非零數字: [5, 5]
  分數: 2
消除後的矩陣:
  7        2  1  6     1 -   2  9     4  3  8  6  1
  2        1  6  6     2 -            8  5  6  7  1
  5  2  4        2  7  2  3  2  9  9        5     6
  4     4  9  6  9  8  3  6  1  3  2  1     2     5
  8     3        8  6  3     7        5     5  8  8
  3  8  4  3  1  3  9  5     4  1  4  7  1        1
  8        9     6  3  8  4  7  5  9  7  4  9  4  2
  1  5  2  6     8        9  4  3  4  1     9  2  1
     9  9  2  4  4  9     4     0  7  1            
     2  2        1  2     2     8  5  4  8     3  5

第 26 步消除:
  座標: (10, 9) 到 (10, 11)
  被消除的非零數字: [2, 8]
  分數: 2
消除後的矩陣:
  7        2  1  6     1     2  9     4  3  8  6  1
  2        1  6  6     2              8  5  6  7  1
  5  2  4        2  7  2  3  2  9  9        5     6
  4     4  9  6  9  8  3  6  1  3  2  1     2     5
  8     3        8  6  3     7        5     5  8  8
  3  8  4  3  1  3  9  5     4  1  4  7  1        1
  8        9     6  3  8  4  7  5  9  7  4  9  4  2
  1  5  2  6     8        9  4  3  4  1     9  2  1
     9  9  2  4  4  9     4     0  7  1            
     2  2        1  2    -  -  -   5  4  8     3  5

第 27 步消除:
  座標: (9, 4) 到 (9, 6)
  被消除的非零數字: [2, 4, 4]
  分數: 3
消除後的矩陣:
  7        2  1  6     1     2  9     4  3  8  6  1
  2        1  6  6     2              8  5  6  7  1
  5  2  4        2  7  2  3  2  9  9        5     6
  4     4  9  6  9  8  3  6  1  3  2  1     2     5
  8     3        8  6  3     7        5     5  8  8
  3  8  4  3  1  3  9  5     4  1  4  7  1        1
  8        9     6  3  8  4  7  5  9  7  4  9  4  2
  1  5  2  6     8        9  4  3  4  1     9  2  1
     9  9 -  -  -   9     4     0  7  1            
     2  2        1  2              5  4  8     3  5

第 28 步消除:
  座標: (2, 4) 到 (4, 4)
  被消除的非零數字: [1, 9]
  分數: 2
消除後的矩陣:
  7        2  1  6     1     2  9     4  3  8  6  1
  2       -   6  6     2              8  5  6  7  1
  5  2  4 -      2  7  2  3  2  9  9        5     6
  4     4 -   6  9  8  3  6  1  3  2  1     2     5
  8     3        8  6  3     7        5     5  8  8
  3  8  4  3  1  3  9  5     4  1  4  7  1        1
  8        9     6  3  8  4  7  5  9  7  4  9  4  2
  1  5  2  6     8        9  4  3  4  1     9  2  1
     9  9           9     4     0  7  1            
     2  2        1  2              5  4  8     3  5

第 29 步消除:
  座標: (4, 3) 到 (4, 5)
  被消除的非零數字: [4, 6]
  分數: 2
消除後的矩陣:
  7        2  1  6     1     2  9     4  3  8  6  1
  2           6  6     2              8  5  6  7  1
  5  2  4        2  7  2  3  2  9  9        5     6
  4    -  -  -   9  8  3  6  1  3  2  1     2     5
  8     3        8  6  3     7        5     5  8  8
  3  8  4  3  1  3  9  5     4  1  4  7  1        1
  8        9     6  3  8  4  7  5  9  7  4  9  4  2
  1  5  2  6     8        9  4  3  4  1     9  2  1
     9  9           9     4     0  7  1            
     2  2        1  2              5  4  8     3  5

第 30 步消除:
  座標: (4, 9) 到 (4, 11)
  被消除的非零數字: [6, 1, 3]
  分數: 3
消除後的矩陣:
  7        2  1  6     1     2  9     4  3  8  6  1
  2           6  6     2              8  5  6  7  1
  5  2  4        2  7  2  3  2  9  9        5     6
  4              9  8  3 -  -  -   2  1     2     5
  8     3        8  6  3     7        5     5  8  8
  3  8  4  3  1  3  9  5     4  1  4  7  1        1
  8        9     6  3  8  4  7  5  9  7  4  9  4  2
  1  5  2  6     8        9  4  3  4  1     9  2  1
     9  9           9     4     0  7  1            
     2  2        1  2              5  4  8     3  5

第 31 步消除:
  座標: (8, 13) 到 (8, 15)
  被消除的非零數字: [1, 9]
  分數: 2
消除後的矩陣:
  7        2  1  6     1     2  9     4  3  8  6  1
  2           6  6     2              8  5  6  7  1
  5  2  4        2  7  2  3  2  9  9        5     6
  4              9  8  3           2  1     2     5
  8     3        8  6  3     7        5     5  8  8
  3  8  4  3  1  3  9  5     4  1  4  7  1        1
  8        9     6  3  8  4  7  5  9  7  4  9  4  2
  1  5  2  6     8        9  4  3  4 -  -  -   2  1
     9  9           9     4     0  7  1            
     2  2        1  2              5  4  8     3  5

第 32 步消除:
  座標: (5, 13) 到 (5, 15)
  被消除的非零數字: [5, 5]
  分數: 2
消除後的矩陣:
  7        2  1  6     1     2  9     4  3  8  6  1
  2           6  6     2              8  5  6  7  1
  5  2  4        2  7  2  3  2  9  9        5     6
  4              9  8  3           2  1     2     5
  8     3        8  6  3     7       -  -  -   8  8
  3  8  4  3  1  3  9  5     4  1  4  7  1        1
  8        9     6  3  8  4  7  5  9  7  4  9  4  2
  1  5  2  6     8        9  4  3  4           2  1
     9  9           9     4     0  7  1            
     2  2        1  2              5  4  8     3  5

第 33 步消除:
  座標: (5, 8) 到 (5, 10)
  被消除的非零數字: [3, 7]
  分數: 2
消除後的矩陣:
  7        2  1  6     1     2  9     4  3  8  6  1
  2           6  6     2              8  5  6  7  1
  5  2  4        2  7  2  3  2  9  9        5     6
  4              9  8  3           2  1     2     5
  8     3        8  6 -  -  -                  8  8
  3  8  4  3  1  3  9  5     4  1  4  7  1        1
  8        9     6  3  8  4  7  5  9  7  4  9  4  2
  1  5  2  6     8        9  4  3  4           2  1
     9  9           9     4     0  7  1            
     2  2        1  2              5  4  8     3  5

第 34 步消除:
  座標: (3, 2) 到 (6, 2)
  被消除的非零數字: [2, 8]
  分數: 2
消除後的矩陣:
  7        2  1  6     1     2  9     4  3  8  6  1
  2           6  6     2              8  5  6  7  1
  5 -   4        2  7  2  3  2  9  9        5     6
  4 -            9  8  3           2  1     2     5
  8 -   3        8  6                          8  8
  3 -   4  3  1  3  9  5     4  1  4  7  1        1
  8        9     6  3  8  4  7  5  9  7  4  9  4  2
  1  5  2  6     8        9  4  3  4           2  1
     9  9           9     4     0  7  1            
     2  2        1  2              5  4  8     3  5

第 35 步消除:
  座標: (3, 8) 到 (6, 8)
  被消除的非零數字: [2, 3, 5]
  分數: 3
消除後的矩陣:
  7        2  1  6     1     2  9     4  3  8  6  1
  2           6  6     2              8  5  6  7  1
  5     4        2  7 -   3  2  9  9        5     6
  4              9  8 -            2  1     2     5
  8     3        8  6 -                        8  8
  3     4  3  1  3  9 -      4  1  4  7  1        1
  8        9     6  3  8  4  7  5  9  7  4  9  4  2
  1  5  2  6     8        9  4  3  4           2  1
     9  9           9     4     0  7  1            
     2  2        1  2              5  4  8     3  5

第 36 步消除:
  座標: (3, 7) 到 (3, 9)
  被消除的非零數字: [7, 3]
  分數: 2
消除後的矩陣:
  7        2  1  6     1     2  9     4  3  8  6  1
  2           6  6     2              8  5  6  7  1
  5     4        2 -  -  -   2  9  9        5     6
  4              9  8              2  1     2     5
  8     3        8  6                          8  8
  3     4  3  1  3  9        4  1  4  7  1        1
  8        9     6  3  8  4  7  5  9  7  4  9  4  2
  1  5  2  6     8        9  4  3  4           2  1
     9  9           9     4     0  7  1            
     2  2        1  2              5  4  8     3  5

第 37 步消除:
  座標: (6, 1) 到 (6, 4)
  被消除的非零數字: [3, 4, 3]
  分數: 3
消除後的矩陣:
  7        2  1  6     1     2  9     4  3  8  6  1
  2           6  6     2              8  5  6  7  1
  5     4        2           2  9  9        5     6
  4              9  8              2  1     2     5
  8     3        8  6                          8  8
 -  -  -  -   1  3  9        4  1  4  7  1        1
  8        9     6  3  8  4  7  5  9  7  4  9  4  2
  1  5  2  6     8        9  4  3  4           2  1
     9  9           9     4     0  7  1            
     2  2        1  2              5  4  8     3  5

第 38 步消除:
  座標: (6, 5) 到 (7, 6)
  被消除的非零數字: [1, 3, 6]
  分數: 3
消除後的矩陣:
  7        2  1  6     1     2  9     4  3  8  6  1
  2           6  6     2              8  5  6  7  1
  5     4        2           2  9  9        5     6
  4              9  8              2  1     2     5
  8     3        8  6                          8  8
             -  -   9        4  1  4  7  1        1
  8        9 -  -   3  8  4  7  5  9  7  4  9  4  2
  1  5  2  6     8        9  4  3  4           2  1
     9  9           9     4     0  7  1            
     2  2        1  2              5  4  8     3  5

第 39 步消除:
  座標: (4, 15) 到 (5, 16)
  被消除的非零數字: [2, 8]
  分數: 2
消除後的矩陣:
  7        2  1  6     1     2  9     4  3  8  6  1
  2           6  6     2              8  5  6  7  1
  5     4        2           2  9  9        5     6
  4              9  8              2  1    -  -   5
  8     3        8  6                      -  -   8
                    9        4  1  4  7  1        1
  8        9        3  8  4  7  5  9  7  4  9  4  2
  1  5  2  6     8        9  4  3  4           2  1
     9  9           9     4     0  7  1            
     2  2        1  2              5  4  8     3  5

第 40 步消除:
  座標: (3, 11) 到 (6, 11)
  被消除的非零數字: [9, 1]
  分數: 2
消除後的矩陣:
  7        2  1  6     1     2  9     4  3  8  6  1
  2           6  6     2              8  5  6  7  1
  5     4        2           2 -   9        5     6
  4              9  8          -   2  1           5
  8     3        8  6          -                  8
                    9        4 -   4  7  1        1
  8        9        3  8  4  7  5  9  7  4  9  4  2
  1  5  2  6     8        9  4  3  4           2  1
     9  9           9     4     0  7  1            
     2  2        1  2              5  4  8     3  5

第 41 步消除:
  座標: (4, 8) 到 (6, 12)
  被消除的非零數字: [2, 4, 4]
  分數: 3
消除後的矩陣:
  7        2  1  6     1     2  9     4  3  8  6  1
  2           6  6     2              8  5  6  7  1
  5     4        2           2     9        5     6
  4              9  8 -  -  -  -  -   1           5
  8     3        8  6 -  -  -  -  -               8
                    9 -  -  -  -  -   7  1        1
  8        9        3  8  4  7  5  9  7  4  9  4  2
  1  5  2  6     8        9  4  3  4           2  1
     9  9           9     4     0  7  1            
     2  2        1  2              5  4  8     3  5

第 42 步消除:
  座標: (3, 12) 到 (4, 13)
  被消除的非零數字: [9, 1]
  分數: 2
消除後的矩陣:
  7        2  1  6     1     2  9     4  3  8  6  1
  2           6  6     2              8  5  6  7  1
  5     4        2           2    -  -      5     6
  4              9  8             -  -            5
  8     3        8  6                             8
                    9                 7  1        1
  8        9        3  8  4  7  5  9  7  4  9  4  2
  1  5  2  6     8        9  4  3  4           2  1
     9  9           9     4     0  7  1            
     2  2        1  2              5  4  8     3  5

第 43 步消除:
  座標: (2, 7) 到 (4, 8)
  被消除的非零數字: [2, 8]
  分數: 2
消除後的矩陣:
  7        2  1  6     1     2  9     4  3  8  6  1
  2           6  6 -  -               8  5  6  7  1
  5     4        2 -  -      2              5     6
  4              9 -  -                           5
  8     3        8  6                             8
                    9                 7  1        1
  8        9        3  8  4  7  5  9  7  4  9  4  2
  1  5  2  6     8        9  4  3  4           2  1
     9  9           9     4     0  7  1            
     2  2        1  2              5  4  8     3  5

第 44 步消除:
  座標: (3, 9) 到 (6, 14)
  被消除的非零數字: [2, 7, 1]
  分數: 3
消除後的矩陣:
  7        2  1  6     1     2  9     4  3  8  6  1
  2           6  6                    8  5  6  7  1
  5     4        2       -  -  -  -  -  -   5     6
  4              9       -  -  -  -  -  -         5
  8     3        8  6    -  -  -  -  -  -         8
                    9    -  -  -  -  -  -         1
  8        9        3  8  4  7  5  9  7  4  9  4  2
  1  5  2  6     8        9  4  3  4           2  1
     9  9           9     4     0  7  1            
     2  2        1  2              5  4  8     3  5

第 45 步消除:
  座標: (1, 3) 到 (1, 8)
  被消除的非零數字: [2, 1, 6, 1]
  分數: 4
消除後的矩陣:
  7    -  -  -  -  -  -      2  9     4  3  8  6  1
  2           6  6                    8  5  6  7  1
  5     4        2                          5     6
  4              9                                5
  8     3        8  6                             8
                    9                             1
  8        9        3  8  4  7  5  9  7  4  9  4  2
  1  5  2  6     8        9  4  3  4           2  1
     9  9           9     4     0  7  1            
     2  2        1  2              5  4  8     3  5

第 46 步消除:
  座標: (2, 3) 到 (4, 5)
  被消除的非零數字: [6, 4]
  分數: 2
消除後的矩陣:
  7                          2  9     4  3  8  6  1
  2    -  -  -   6                    8  5  6  7  1
  5    -  -  -   2                          5     6
  4    -  -  -   9                                5
  8     3        8  6                             8
                    9                             1
  8        9        3  8  4  7  5  9  7  4  9  4  2
  1  5  2  6     8        9  4  3  4           2  1
     9  9           9     4     0  7  1            
     2  2        1  2              5  4  8     3  5

第 47 步消除:
  座標: (6, 6) 到 (6, 17)
  被消除的非零數字: [9, 1]
  分數: 2
消除後的矩陣:
  7                          2  9     4  3  8  6  1
  2              6                    8  5  6  7  1
  5              2                          5     6
  4              9                                5
  8     3        8  6                             8
                -  -  -  -  -  -  -  -  -  -  -  - 
  8        9        3  8  4  7  5  9  7  4  9  4  2
  1  5  2  6     8        9  4  3  4           2  1
     9  9           9     4     0  7  1            
     2  2        1  2              5  4  8     3  5

第 48 步消除:
  座標: (5, 17) 到 (7, 17)
  被消除的非零數字: [8, 2]
  分數: 2
消除後的矩陣:
  7                          2  9     4  3  8  6  1
  2              6                    8  5  6  7  1
  5              2                          5     6
  4              9                                5
  8     3        8  6                            - 
                                                 - 
  8        9        3  8  4  7  5  9  7  4  9  4 - 
  1  5  2  6     8        9  4  3  4           2  1
     9  9           9     4     0  7  1            
     2  2        1  2              5  4  8     3  5

第 49 步消除:
  座標: (10, 3) 到 (10, 12)
  被消除的非零數字: [2, 1, 2, 5]
  分數: 4
消除後的矩陣:
  7                          2  9     4  3  8  6  1
  2              6                    8  5  6  7  1
  5              2                          5     6
  4              9                                5
  8     3        8  6                              
                                                   
  8        9        3  8  4  7  5  9  7  4  9  4   
  1  5  2  6     8        9  4  3  4           2  1
     9  9           9     4     0  7  1            
     2 -  -  -  -  -  -  -  -  -  -   4  8     3  5

第 50 步消除:
  座標: (4, 2) 到 (8, 3)
  被消除的非零數字: [3, 5, 2]
  分數: 3
消除後的矩陣:
  7                          2  9     4  3  8  6  1
  2              6                    8  5  6  7  1
  5              2                          5     6
  4 -  -         9                                5
  8 -  -         8  6                              
    -  -                                           
  8 -  -   9        3  8  4  7  5  9  7  4  9  4   
  1 -  -   6     8        9  4  3  4           2  1
     9  9           9     4     0  7  1            
     2                                4  8     3  5

第 51 步消除:
  座標: (8, 1) 到 (9, 2)
  被消除的非零數字: [1, 9]
  分數: 2
消除後的矩陣:
  7                          2  9     4  3  8  6  1
  2              6                    8  5  6  7  1
  5              2                          5     6
  4              9                                5
  8              8  6                              
                                                   
  8        9        3  8  4  7  5  9  7  4  9  4   
 -  -      6     8        9  4  3  4           2  1
 -  -   9           9     4     0  7  1            
     2                                4  8     3  5

第 52 步消除:
  座標: (8, 11) 到 (8, 17)
  被消除的非零數字: [3, 4, 2, 1]
  分數: 4
消除後的矩陣:
  7                          2  9     4  3  8  6  1
  2              6                    8  5  6  7  1
  5              2                          5     6
  4              9                                5
  8              8  6                              
                                                   
  8        9        3  8  4  7  5  9  7  4  9  4   
           6     8        9  4 -  -  -  -  -  -  - 
        9           9     4     0  7  1            
     2                                4  8     3  5

第 53 步消除:
  座標: (1, 6) 到 (3, 10)
  被消除的非零數字: [2, 6, 2]
  分數: 3
消除後的矩陣:
  7             -  -  -  -  -   9     4  3  8  6  1
  2             -  -  -  -  -         8  5  6  7  1
  5             -  -  -  -  -               5     6
  4              9                                5
  8              8  6                              
                                                   
  8        9        3  8  4  7  5  9  7  4  9  4   
           6     8        9  4                     
        9           9     4     0  7  1            
     2                                4  8     3  5

第 54 步消除:
  座標: (4, 17) 到 (10, 17)
  被消除的非零數字: [5, 5]
  分數: 2
消除後的矩陣:
  7                             9     4  3  8  6  1
  2                                   8  5  6  7  1
  5                                         5     6
  4              9                               - 
  8              8  6                            - 
                                                 - 
  8        9        3  8  4  7  5  9  7  4  9  4 - 
           6     8        9  4                   - 
        9           9     4     0  7  1          - 
     2                                4  8     3 - 

第 55 步消除:
  座標: (6, 1) 到 (10, 2)
  被消除的非零數字: [8, 2]
  分數: 2
消除後的矩陣:
  7                             9     4  3  8  6  1
  2                                   8  5  6  7  1
  5                                         5     6
  4              9                                 
  8              8  6                              
 -  -                                              
 -  -      9        3  8  4  7  5  9  7  4  9  4   
 -  -      6     8        9  4                     
 -  -   9           9     4     0  7  1            
 -  -                                 4  8     3   

第 56 步消除:
  座標: (3, 16) 到 (8, 17)
  被消除的非零數字: [6, 4]
  分數: 2
消除後的矩陣:
  7                             9     4  3  8  6  1
  2                                   8  5  6  7  1
  5                                         5 -  - 
  4              9                            -  - 
  8              8  6                         -  - 
                                              -  - 
           9        3  8  4  7  5  9  7  4  9 -  - 
           6     8        9  4                -  - 
        9           9     4     0  7  1            
                                      4  8     3   

第 57 步消除:
  座標: (2, 1) 到 (2, 13)
  被消除的非零數字: [2, 8]
  分數: 2
消除後的矩陣:
  7                             9     4  3  8  6  1
 -  -  -  -  -  -  -  -  -  -  -  -  -   5  6  7  1
  5                                         5      
  4              9                                 
  8              8  6                              
                                                   
           9        3  8  4  7  5  9  7  4  9      
           6     8        9  4                     
        9           9     4     0  7  1            
                                      4  8     3   

第 58 步消除:
  座標: (2, 1) 到 (3, 14)
  被消除的非零數字: [5, 5]
  分數: 2
消除後的矩陣:
  7                             9     4  3  8  6  1
 -  -  -  -  -  -  -  -  -  -  -  -  -  -   6  7  1
 -  -  -  -  -  -  -  -  -  -  -  -  -  -   5      
  4              9                                 
  8              8  6                              
                                                   
           9        3  8  4  7  5  9  7  4  9      
           6     8        9  4                     
        9           9     4     0  7  1            
                                      4  8     3   

第 59 步消除:
  座標: (2, 16) 到 (10, 16)
  被消除的非零數字: [7, 3]
  分數: 2
消除後的矩陣:
  7                             9     4  3  8  6  1
                                            6 -   1
                                            5 -    
  4              9                            -    
  8              8  6                         -    
                                              -    
           9        3  8  4  7  5  9  7  4  9 -    
           6     8        9  4                -    
        9           9     4     0  7  1       -    
                                      4  8    -    

總共消除了 59 個框選，總分數: 133
